513.5516045099739 2.2512088911605517
464.7658282740676 4.267506534954705
431.5915004336513 4.8576144547764954
389.3104943625325 3.8463717166757476
329.14137033824795 4.992071525305711
275.8022549869904 4.641568550115402
250.43365134431912 8.538303185677222
242.62792714657405 5.02285976460076
219.53599306157855 6.170280092485449
188.3130962705984 5.159550491706284
169.44926279271465 8.638953562078541
154.81352992194275 9.264724525750431
123.5906331309626 8.462811630307694
84.23677363399827 11.732447182071176
61.79531656548136 10.234886093576115
45.533391153512525 4.108841456666042
29.271465741543807 3.2728200216121266
14.960971379011198 3.82900050911271
4.553339115351264 5.22759