513.123644251627 0.06868399522626412
464.6420824295011 0.4016925744394957
431.4533622559653 0.15130189373184422
388.82863340563995 0.9121730253923666
328.9587852494577 0.6818733158696642
275.2711496746205 0.06977685038542347
249.89154013015195 0.1574589616374773
242.08242950108468 0.15675641189230127
219.30585683297193 0.15470730846887548
188.06941431670293 1.1190251371698334
169.19739696312365 3.0965660629442517
154.22993492407818 2.3530049763940237
122.99349240780919 2.5751082722230105
83.62255965292854 6.507552409760635
61.822125813449134 7.697632647546702
45.22776572668113 1.623475369476612
28.958785249457833 0.8573058418212209
14.642082429501102 1.373318872017352
4.229934924078179 0.9225551494044062