0.00	276.01	230.66	306.39
0.50	275.73	239.86	311.40
1.00	287.21	250.86	311.94
1.50	290.03	259.70	312.23
2.00	295.99	265.29	314.39
2.50	298.02	267.89	317.59
3.00	299.35	269.25	322.59
3.50	302.99	269.93	329.05
4.00	298.33	269.40	334.42
4.50	300.00	268.39	339.29
5.00	302.58	267.35	344.64
5.50	316.98	265.92	349.27
6.00	319.11	264.79	352.16
6.50	320.22	264.48	356.24
7.00	321.30	262.78	358.05
7.50	323.48	259.13	360.20
8.00	307.94	256.58	361.04
8.50	307.34	252.87	360.70
9.00	305.75	250.52	360.32
9.50	303.88	247.61	359.37
10.00	301.66	246.87	359.98
10.50	299.40	247.50	359.55
11.00	302.28	248.12	358.64
11.50	304.17	250.18	357.74
12.00	302.62	253.19	359.47
12.50	301.76	254.92	359.25
13.00	302.03	259.38	358.25
13.50	302.88	262.02	359.12
14.00	306.53	265.13	357.06
14.50	306.58	269.04	355.88
15.00	311.09	269.70	357.00
15.50	308.28	267.68	358.30
16.00	309.27	266.08	363.11
16.50	311.35	265.00	368.76
17.00	314.57	265.10	374.53
17.50	317.72	266.66	380.59
18.00	318.43	266.01	388.60
18.50	322.31	266.03	397.34
19.00	329.95	269.86	404.83
19.50	338.28	274.43	414.46
20.00	347.04	279.95	422.64
20.50	353.00	288.70	429.83
21.00	357.73	298.33	437.29
21.50	353.38	310.51	446.34
22.00	364.28	321.86	454.70
22.50	386.96	331.98	462.18
23.00	405.42	344.99	474.38
23.50	422.13	361.25	488.40
24.00	442.57	385.00	506.86
24.50	467.05	408.08	528.43
25.00	489.12	435.42	548.60
25.50	497.88	461.14	569.30
26.00	518.95	479.12	591.03
26.50	542.70	500.63	611.45
27.00	571.25	522.39	627.99
27.50	595.24	542.72	646.24
28.00	611.44	563.80	665.03
28.50	631.02	585.59	685.24
29.00	648.54	604.81	704.78
29.50	673.59	627.39	725.07
30.00	693.51	653.53	747.99
30.50	740.87	681.94	776.34
31.00	763.85	715.15	808.26
31.50	803.95	744.90	843.08
32.00	836.26	771.30	875.06
32.50	857.90	791.05	901.10
33.00	867.91	805.54	921.48
33.50	881.50	818.84	933.16
34.00	896.72	826.75	946.87
34.50	893.53	829.23	959.32
35.00	904.18	830.10	970.63
35.50	904.32	823.25	978.77
36.00	900.70	818.20	982.33
36.50	894.77	816.78	979.18
37.00	894.98	806.28	968.87
37.50	886.26	788.26	956.68
38.00	860.04	766.04	941.31
38.50	841.87	748.01	929.05
39.00	814.58	729.61	918.84
39.50	795.57	717.33	911.62
40.00	768.22	705.63	902.09
40.50	794.57	688.03	886.57
41.00	766.13	670.21	872.88
41.50	749.27	648.90	862.35
42.00	736.23	629.20	854.20
42.50	717.84	619.08	852.77
43.00	723.59	615.82	848.16
43.50	701.63	619.53	852.40
44.00	732.40	630.32	868.92
44.50	751.41	638.70	885.17
45.00	768.61	653.13	901.49
45.50	777.06	660.32	916.33
46.00	790.45	667.68	930.55
46.50	802.80	676.88	943.16
47.00	817.34	699.16	957.37
47.50	833.98	718.15	976.71
48.00	811.38	729.26	995.94
48.50	850.04	735.90	1008.83
49.00	853.41	737.07	1013.80
49.50	843.32	730.71	1006.08
50.00	827.61	721.64	990.28
50.50	812.64	707.62	966.93
51.00	786.20	690.28	936.49
51.50	755.57	666.86	906.49
52.00	730.23	651.47	876.45
52.50	744.05	635.32	851.24
53.00	726.72	616.66	822.59
53.50	701.62	598.55	788.75
54.00	669.94	577.65	750.58
54.50	636.54	549.86	714.64
55.00	604.41	520.81	683.84
55.50	577.47	494.75	657.57
56.00	565.49	471.81	632.80
56.50	535.85	448.53	601.93
57.00	497.39	421.78	568.99
57.50	455.74	394.21	532.60
58.00	417.94	365.71	499.64
58.50	390.44	339.63	468.40
59.00	380.40	314.76	444.76
59.50	364.39	296.78	426.63
60.00	350.14	285.29	410.82
60.50	336.38	279.35	396.07
61.00	328.65	273.03	381.65
61.50	315.58	267.05	372.95
62.00	309.78	260.70	366.14
62.50	304.22	253.86	357.68
63.00	288.17	245.20	346.55
63.50	275.40	235.27	334.28
64.00	261.70	222.44	321.19
64.50	256.67	207.67	308.41
65.00	244.44	194.12	298.78
65.50	235.40	187.16	292.07
66.00	228.84	185.52	291.01
66.50	238.80	190.88	293.66
67.00	247.76	193.38	298.83
67.50	245.15	193.86	310.75
68.00	244.28	195.93	325.21
68.50	247.71	197.46	341.89
69.00	261.65	203.58	359.43
69.50	278.05	214.52	380.68
70.00	304.07	224.47	406.79
70.50	334.70	236.96	435.20
71.00	345.49	246.40	469.69
71.50	355.69	259.75	511.63
72.00	369.23	272.51	548.94
72.50	397.26	285.97	575.94
73.00	435.21	305.91	599.19
73.50	454.20	330.51	634.55
74.00	487.96	346.51	678.57
74.50	515.38	365.34	717.03
75.00	559.27	379.27	752.62
75.50	584.05	391.77	783.81
76.00	611.01	411.19	817.16
76.50	624.52	425.91	847.10
77.00	649.32	440.40	883.05
77.50	680.95	455.92	927.87
78.00	714.54	460.81	977.26
78.50	696.89	467.73	1002.85
79.00	692.48	477.78	1021.46
79.50	685.23	478.63	1043.25
80.00	675.53	483.95	1055.92
80.50	677.98	484.30	1068.08
81.00	659.94	476.38	1085.67
81.50	668.49	478.13	1101.95
82.00	683.89	479.70	1103.14
82.50	699.49	476.76	1098.32
83.00	680.80	476.82	1094.69
83.50	634.30	473.63	1065.76
84.00	623.45	465.19	1050.45
84.50	614.81	460.89	1044.89
85.00	619.42	441.81	1032.74
85.50	629.72	435.96	1015.83
86.00	611.63	420.39	991.87
86.50	601.04	419.45	951.28
87.00	574.15	398.41	915.43
87.50	574.37	371.08	884.78
88.00	558.55	353.95	867.60
88.50	498.70	338.79	854.83
89.00	477.51	321.41	834.04
89.50	455.56	318.49	801.50
90.00	450.16	316.92	777.23
90.50	473.13	316.55	757.33
91.00	481.15	319.32	728.16
91.50	479.48	325.36	712.75
92.00	462.19	337.57	699.79
92.50	467.86	358.72	696.25
93.00	496.03	388.63	700.77
93.50	522.13	410.85	714.74
94.00	535.30	427.26	734.36
94.50	568.52	439.67	757.84
95.00	596.80	447.84	793.12
95.50	609.86	464.44	814.94
96.00	622.05	487.55	851.76
96.50	650.13	510.91	892.86
97.00	691.83	536.02	936.50
97.50	730.74	557.53	986.86
98.00	777.35	578.98	1022.17
98.50	814.98	603.91	1055.18
99.00	805.80	634.12	1077.17
99.50	833.61	670.85	1105.62
100.00	862.05	709.93	1129.71
100.50	898.53	738.74	1161.08
101.00	945.01	767.71	1191.29
101.50	965.86	790.22	1210.70
102.00	986.66	813.97	1223.24
102.50	1006.27	827.02	1235.87
103.00	1013.91	846.51	1243.60
103.50	1012.72	855.85	1258.65
104.00	1027.05	855.20	1276.30
104.50	1040.37	854.22	1299.18
105.00	1046.47	859.72	1308.00
105.50	1019.65	866.63	1320.53
106.00	1037.44	871.42	1333.14
106.50	1033.25	870.08	1351.13
107.00	1028.16	868.72	1368.17
107.50	1039.07	857.70	1388.69
108.00	1040.79	858.63	1402.34
108.50	1055.28	868.79	1410.59
109.00	1058.74	872.85	1413.16
109.50	1069.77	880.48	1404.02
110.00	1110.78	891.68	1398.87
110.50	1112.36	890.46	1400.58
111.00	1148.07	884.26	1401.38
111.50	1171.66	885.98	1405.13
112.00	1084.42	893.92	1404.32
112.50	1095.61	900.18	1402.65
113.00	1194.91	909.31	1403.23
113.50	1207.55	930.54	1418.97
114.00	1123.15	935.93	1435.49
114.50	1112.02	937.77	1448.99
115.00	1107.09	936.31	1450.86
115.50	1102.52	936.63	1436.07
116.00	1103.25	936.38	1426.76
116.50	1093.39	940.09	1412.08
117.00	1077.79	940.92	1395.19
117.50	1155.01	941.33	1380.28
118.00	1132.44	934.44	1365.76
118.50	1109.51	927.02	1349.91
119.00	1085.07	919.33	1327.82
119.50	1065.49	909.91	1291.28
120.00	1035.66	903.05	1252.21
120.50	1016.73	890.60	1222.14
121.00	1004.47	869.84	1198.49
121.50	990.70	854.82	1186.75
122.00	983.18	832.46	1172.31
122.50	968.78	818.28	1150.81
123.00	987.36	797.26	1137.47
123.50	931.03	773.94	1130.03
124.00	878.83	736.59	1124.30
124.50	861.74	709.29	1121.28
125.00	856.72	695.92	1115.20
125.50	867.26	683.60	1106.63
126.00	899.52	679.80	1096.83
126.50	935.43	677.57	1094.93
127.00	925.84	670.17	1107.08
127.50	856.06	660.88	1115.15
128.00	848.35	656.77	1124.32
128.50	836.78	661.02	1133.22
129.00	846.83	670.62	1137.68
129.50	913.11	687.44	1148.31
130.00	935.09	697.98	1158.43
130.50	950.58	705.63	1177.76
131.00	906.95	707.60	1188.38
131.50	879.94	712.98	1204.35
132.00	886.48	724.11	1219.24
132.50	892.13	733.10	1237.06
133.00	909.10	736.65	1263.63
133.50	925.75	733.84	1271.96
134.00	949.64	723.61	1295.63
134.50	972.22	709.42	1318.45
135.00	983.04	715.27	1318.52
135.50	993.36	720.02	1308.18
136.00	1003.59	735.37	1293.88
136.50	1024.47	732.55	1296.57
137.00	1011.73	746.08	1277.64
137.50	1014.20	745.04	1269.18
138.00	1007.19	743.70	1260.91
138.50	991.33	742.07	1231.24
139.00	947.70	741.71	1189.70
139.50	919.17	736.99	1151.40
140.00	906.23	723.56	1110.68
140.50	890.40	704.89	1079.46
141.00	848.21	689.87	1044.98
141.50	841.34	679.71	1026.05
142.00	831.85	660.91	997.52
142.50	831.68	632.93	976.98
143.00	738.70	611.23	965.76
143.50	725.03	584.86	954.14
144.00	664.43	557.20	948.96
144.50	651.10	538.81	939.87
145.00	713.01	530.95	933.75
145.50	742.41	520.79	926.54
146.00	766.99	512.66	932.96
146.50	754.86	508.73	946.89
147.00	746.00	499.84	954.48
147.50	737.93	502.40	960.82
148.00	725.33	508.49	973.43
148.50	717.12	517.76	993.50
149.00	738.03	540.46	1009.46
149.50	717.24	560.99	1026.95
150.00	703.38	563.90	1057.26
150.50	824.47	574.39	1085.88
151.00	834.46	579.57	1092.92
151.50	799.60	583.77	1117.17
152.00	812.24	575.78	1152.23
152.50	809.92	565.85	1195.92
153.00	815.46	568.31	1229.64
153.50	827.93	559.63	1268.55
154.00	813.72	558.68	1295.37
154.50	807.17	551.52	1308.73
155.00	794.32	544.96	1310.00
155.50	756.06	519.77	1296.03
156.00	722.07	498.12	1284.12
156.50	897.28	485.82	1275.95
157.00	858.14	478.83	1260.69
157.50	835.77	479.45	1245.99
158.00	822.84	480.52	1234.76
158.50	814.67	486.79	1202.27
159.00	797.35	494.44	1169.64
159.50	796.50	506.74	1132.27
160.00	795.33	519.98	1113.88
160.50	782.89	519.73	1110.67
161.00	785.35	537.82	1103.64
161.50	793.06	554.28	1105.92
162.00	775.16	579.30	1111.05
162.50	785.09	620.04	1121.36
163.00	771.41	653.74	1128.87
163.50	881.36	675.86	1135.23
164.00	855.45	690.36	1142.74
164.50	861.99	715.38	1156.32
165.00	871.25	740.99	1156.63
165.50	877.20	773.17	1161.22
166.00	895.90	803.71	1166.72
166.50	929.99	821.57	1175.09
167.00	974.75	844.15	1186.90
167.50	1004.32	856.27	1192.46
168.00	1011.74	874.77	1194.43
168.50	1029.62	887.37	1194.37
169.00	1045.27	902.17	1190.17
169.50	1041.41	903.91	1189.21
170.00	1037.52	902.76	1198.95
170.50	1029.03	895.22	1219.84
171.00	1071.40	895.51	1231.69
171.50	1064.67	887.68	1244.03
172.00	1048.07	873.61	1260.53
172.50	1043.98	854.28	1289.16
173.00	1040.97	828.13	1312.55
173.50	1027.70	808.45	1329.39
174.00	1022.63	792.87	1345.36
174.50	1018.11	787.99	1356.31
175.00	1015.82	772.69	1360.79
175.50	1012.49	764.25	1364.90
176.00	1020.94	754.68	1366.69
176.50	1015.73	747.76	1382.80
177.00	1008.42	736.92	1374.70
177.50	999.39	727.16	1357.36
178.00	998.07	728.63	1341.62
178.50	983.26	738.40	1315.96
179.00	971.06	747.30	1299.84
179.50	941.81	742.09	1285.47
180.00	909.50	739.29	1265.09
180.50	908.94	736.38	1256.04
181.00	912.62	735.26	1241.65
181.50	926.38	739.98	1229.50
182.00	920.92	741.05	1210.24
182.50	921.06	735.01	1185.36
183.00	895.84	722.98	1186.92
183.50	896.31	721.68	1185.25
184.00	923.15	728.53	1190.58
184.50	859.47	737.67	1184.50
185.00	956.90	749.64	1204.91
185.50	965.18	754.39	1242.25
186.00	945.03	751.88	1289.32
186.50	950.25	743.58	1347.14
187.00	947.85	754.77	1393.99
187.50	952.48	771.21	1431.42
188.00	972.15	796.78	1490.24
188.50	985.24	818.10	1589.76
189.00	1005.13	838.01	1688.92
189.50	1074.93	844.56	1797.66
190.00	1111.68	871.67	1884.77
190.50	1156.62	908.11	1957.46
191.00	1196.72	954.96	2008.93
191.50	1246.89	1022.31	2060.05
192.00	1345.54	1073.89	2143.95
192.50	1436.28	1126.85	2233.77
193.00	1466.45	1172.36	2301.15
193.50	1449.82	1218.24	2355.26
194.00	1740.76	1254.20	2399.23
194.50	1769.77	1301.27	2402.85
195.00	1796.57	1340.61	2362.87
195.50	1800.11	1369.51	2368.15
196.00	1783.74	1387.90	2345.15
196.50	1772.47	1411.47	2331.56
197.00	1768.36	1423.93	2316.50
197.50	1770.42	1444.34	2296.31
198.00	1767.68	1458.80	2256.78
198.50	1768.01	1456.86	2192.18
199.00	1725.17	1443.47	2152.46
199.50	1731.48	1413.08	2117.68
200.00	1732.56	1389.11	2085.77
200.50	1730.60	1375.09	2063.19
201.00	1723.92	1370.54	2028.40
201.50	1732.22	1363.05	1993.03
202.00	1689.51	1343.47	1948.82
202.50	1550.94	1327.44	1914.06
203.00	1521.18	1297.18	1895.57
203.50	1602.61	1276.17	1862.66
204.00	1583.01	1255.44	1832.03
204.50	1545.19	1236.30	1790.21
205.00	1492.68	1209.18	1760.92
205.50	1461.27	1183.84	1725.13
206.00	1543.67	1154.67	1692.57
206.50	1540.96	1124.49	1673.12
207.00	1505.03	1096.45	1649.47
207.50	1437.95	1076.58	1618.32
208.00	1368.30	1050.23	1593.22
208.50	1348.82	1031.49	1565.29
209.00	1277.87	999.01	1543.66
209.50	1240.43	979.73	1531.17
210.00	1206.60	969.54	1522.98
210.50	1197.14	960.62	1504.60
211.00	1178.39	964.25	1500.91
211.50	1170.68	970.66	1492.65
212.00	1172.91	961.15	1494.12
212.50	1223.65	951.70	1504.10
213.00	1231.62	948.45	1519.33
213.50	1210.86	960.29	1545.78
214.00	1207.79	981.77	1559.19
214.50	1324.31	1015.65	1580.21
215.00	1339.32	1035.40	1616.22
215.50	1361.99	1054.43	1654.02
216.00	1381.16	1077.21	1695.16
216.50	1406.39	1101.46	1732.44
217.00	1439.63	1131.41	1758.11
217.50	1450.96	1161.61	1787.77
218.00	1501.04	1190.15	1843.29
218.50	1531.76	1229.06	1897.75
219.00	1552.40	1237.77	1959.10
219.50	1589.30	1243.97	2023.41
220.00	1599.29	1278.66	2081.03
220.50	1614.51	1315.30	2120.76
221.00	1660.23	1345.94	2174.20
221.50	1702.54	1397.46	2225.46
222.00	1776.13	1430.04	2288.12
222.50	1818.97	1458.82	2336.76
223.00	1854.49	1480.50	2394.83
223.50	1911.95	1498.52	2428.05
224.00	1955.25	1525.36	2436.79
224.50	2047.59	1532.48	2475.28
225.00	2131.92	1552.95	2507.31
225.50	2111.68	1552.64	2541.55
226.00	2073.20	1542.54	2561.44
226.50	2062.80	1538.66	2575.35
227.00	2059.04	1537.01	2572.90
227.50	2051.57	1521.60	2515.33
228.00	2082.91	1500.78	2467.63
228.50	2023.94	1459.57	2414.34
229.00	1989.51	1414.98	2383.15
229.50	1975.23	1372.49	2340.36
230.00	1938.98	1347.88	2296.47
230.50	1892.22	1331.39	2225.72
231.00	1767.46	1326.16	2181.75
231.50	1662.83	1312.98	2151.27
232.00	1613.52	1266.73	2101.69
232.50	1624.32	1206.34	2080.55
233.00	1518.27	1138.78	2076.78
233.50	1495.34	1081.68	2038.15
234.00	1478.47	1028.22	2013.87
234.50	1447.15	972.63	1984.09
235.00	1398.80	894.51	2005.38
235.50	1352.41	819.25	1999.55
236.00	1300.84	772.88	1991.46
236.50	1248.87	720.18	1963.35
237.00	1210.03	661.96	1935.07
237.50	1205.65	615.23	1868.19
238.00	1204.76	558.51	1779.31
238.50	1167.29	518.13	1746.18
239.00	1110.06	469.19	1695.70
239.50	1033.59	422.40	1619.18
240.00	532.66	390.74	1517.23
240.50	528.96	356.97	1411.06
241.00	532.54	331.63	1299.24
241.50	519.87	306.09	1193.07
242.00	491.72	288.69	1096.64
242.50	424.20	267.76	1005.54
243.00	388.88	250.54	936.49
243.50	400.12	249.15	887.76
244.00	424.25	243.88	847.19
244.50	417.99	246.47	787.36
245.00	420.96	245.41	773.11
245.50	414.97	233.07	789.56
246.00	429.51	227.00	812.61
246.50	451.45	224.20	856.87
247.00	490.73	231.32	900.57
247.50	550.55	259.30	956.17
248.00	615.49	286.46	1033.81
248.50	668.76	306.47	1102.66
249.00	691.14	326.08	1167.76
249.50	738.91	345.68	1215.13
250.00	772.38	365.21	1248.69
250.50	769.71	397.28	1283.43
251.00	825.97	419.58	1329.46
251.50	856.75	443.40	1378.51
252.00	878.74	461.75	1420.36
252.50	871.56	466.74	1429.52
253.00	856.32	461.01	1428.29
253.50	865.39	457.74	1402.08
254.00	868.96	455.64	1381.52
254.50	856.25	433.03	1327.19
255.00	849.85	420.21	1300.54
255.50	844.34	397.56	1269.26
256.00	810.90	365.55	1233.76
256.50	778.24	347.34	1178.35
257.00	727.60	315.69	1115.07
257.50	677.85	274.55	1040.70
258.00	637.31	245.43	977.51
258.50	610.69	217.16	909.75
259.00	580.34	203.91	858.39
259.50	562.04	188.94	821.53
260.00	535.64	174.24	788.71
260.50	495.65	177.12	748.78
261.00	461.03	166.75	711.72
261.50	409.91	152.07	689.95
262.00	373.08	139.01	670.30
262.50	352.02	124.09	656.64
263.00	344.77	122.84	652.95
263.50	349.70	130.59	655.04
264.00	356.78	134.22	650.10
264.50	340.11	134.50	650.82
265.00	320.41	142.16	649.72
265.50	322.44	145.99	643.10
266.00	321.19	154.51	633.36
266.50	316.97	158.93	620.91
267.00	308.80	162.17	598.01
267.50	306.95	167.89	584.52
268.00	301.88	175.96	582.15
268.50	300.75	176.01	566.84
269.00	325.45	187.04	553.54
269.50	331.28	196.33	551.92
270.00	325.11	208.52	550.63
270.50	351.09	225.80	552.93
271.00	337.61	241.58	561.93
271.50	358.78	253.58	578.86
272.00	389.79	260.73	599.94
272.50	417.24	267.82	615.98
273.00	443.77	275.87	634.05
273.50	432.28	294.60	652.08
274.00	525.87	314.22	686.75
274.50	543.87	332.05	722.20
275.00	555.97	341.56	759.48
275.50	551.32	358.23	787.12
276.00	560.26	370.81	806.37
276.50	571.31	389.61	821.43
277.00	583.06	411.82	819.18
277.50	591.36	423.21	830.02
278.00	611.66	429.56	846.49
278.50	636.82	440.55	865.11
279.00	665.83	457.88	879.35
279.50	681.58	465.98	879.71
280.00	690.31	480.62	879.25
280.50	675.83	482.31	868.60
281.00	651.44	484.84	862.54
281.50	633.54	477.91	867.83
282.00	625.92	471.96	870.89
282.50	616.27	477.84	868.86
283.00	610.60	476.27	861.65
283.50	612.56	481.39	855.05
284.00	610.79	480.87	847.61
284.50	591.40	474.98	842.55
285.00	596.60	467.83	846.69
285.50	639.35	461.67	837.43
286.00	642.91	457.42	835.82
286.50	638.81	452.39	829.81
287.00	616.91	446.77	817.51
287.50	565.92	446.46	819.21
288.00	562.52	433.48	814.34
288.50	562.75	421.60	804.84
289.00	555.52	410.10	798.59
289.50	547.90	401.64	787.00
290.00	545.09	393.41	769.79
290.50	563.61	380.11	751.53
291.00	549.54	370.28	745.29
291.50	527.59	357.38	739.80
292.00	518.39	337.61	736.96
292.50	499.24	324.67	725.87
293.00	479.80	317.50	713.10
293.50	491.52	309.74	702.19
294.00	436.08	300.54	687.29
294.50	414.43	286.54	675.15
295.00	404.65	277.63	668.84
295.50	396.44	270.70	660.81
296.00	399.84	268.01	658.77
296.50	443.74	264.86	643.98
297.00	444.70	265.50	629.91
297.50	454.52	256.51	625.73
298.00	458.31	255.31	629.34
298.50	453.17	254.77	631.01
299.00	451.66	254.31	637.38
299.50	386.74	256.37	637.75
300.00	408.82	266.72	636.95
300.50	380.44	267.68	635.48
301.00	383.28	265.63	648.80
301.50	399.46	263.63	655.00
302.00	415.97	263.46	650.10
302.50	407.48	258.82	641.02
303.00	400.31	262.98	635.12
303.50	388.03	261.76	625.91
304.00	370.49	259.22	632.01
304.50	356.03	251.65	639.40
305.00	352.46	246.15	646.64
305.50	359.45	236.40	638.47
306.00	365.00	234.37	630.98
306.50	374.69	235.37	614.11
307.00	377.01	229.90	595.02
307.50	360.06	223.45	582.29
308.00	342.73	217.96	572.63
308.50	333.01	213.85	565.25
309.00	335.51	216.57	546.29
309.50	356.02	223.57	520.41
310.00	351.73	230.97	499.04
310.50	349.07	238.11	474.83
311.00	338.07	239.88	460.58
311.50	338.39	240.67	450.26
312.00	341.09	239.78	440.38
312.50	336.22	244.63	426.87
313.00	329.22	249.86	418.57
313.50	320.64	256.43	409.47
314.00	319.46	258.75	404.99
314.50	326.80	259.93	399.89
315.00	328.59	260.78	398.86
315.50	329.94	262.70	400.24
316.00	335.45	261.92	404.49
316.50	335.98	261.60	409.22
317.00	355.25	256.61	419.10
317.50	351.25	250.55	429.58
318.00	341.63	243.60	441.23
318.50	330.39	238.01	445.00
319.00	325.74	236.45	450.69
319.50	332.50	232.51	455.08
320.00	336.78	233.65	465.56
320.50	337.86	227.41	473.62
321.00	340.63	221.91	479.38
321.50	337.34	217.68	482.51
322.00	331.15	215.91	483.30
322.50	324.96	211.35	484.47
323.00	333.29	209.47	481.81
323.50	360.13	208.30	474.64
324.00	355.61	206.43	468.54
324.50	343.08	199.48	456.90
325.00	339.44	196.98	453.59
325.50	347.44	193.57	446.29
326.00	352.07	189.83	439.71
326.50	347.33	182.40	433.03
327.00	316.52	174.13	432.02
327.50	306.49	170.05	432.80
328.00	303.27	157.26	435.08
328.50	298.40	151.06	430.55
329.00	291.55	146.60	428.96
329.50	275.45	143.12	428.64
330.00	260.02	131.04	428.42
330.50	296.54	123.00	426.30
331.00	296.25	114.90	430.21
331.50	301.06	112.27	431.72
332.00	300.26	107.13	432.44
332.50	283.85	103.83	437.43
333.00	262.84	100.93	435.49
333.50	223.42	97.36	433.04
334.00	216.78	95.73	435.31
334.50	218.06	93.32	438.78
335.00	219.25	93.96	443.21
335.50	256.43	96.37	452.95
336.00	268.43	96.30	458.95
336.50	242.82	95.66	467.79
337.00	231.43	100.26	481.83
337.50	235.61	105.09	503.40
338.00	226.56	109.84	533.33
338.50	225.06	118.08	555.59
339.00	238.15	123.69	578.40
339.50	274.07	134.78	616.69
340.00	299.46	150.14	638.07
340.50	318.48	164.07	672.27
341.00	321.74	188.00	696.63
341.50	297.31	202.76	713.80
342.00	331.21	219.70	735.16
342.50	425.02	225.56	758.24
343.00	489.35	240.49	803.60
343.50	548.45	250.86	843.74
344.00	564.74	256.27	873.22
344.50	551.14	260.04	905.34
345.00	522.39	265.36	935.82
345.50	514.32	268.29	964.27
346.00	510.03	267.99	995.52
346.50	518.31	271.72	1011.11
347.00	542.51	267.85	1052.22
347.50	563.37	274.83	1062.35
348.00	585.47	268.44	1091.40
348.50	620.29	269.26	1117.98
349.00	644.64	270.28	1124.40
349.50	648.88	270.48	1145.79
350.00	647.81	259.17	1159.11
350.50	668.68	263.85	1181.40
351.00	681.12	251.70	1200.19
351.50	698.35	246.49	1202.40
352.00	699.26	242.52	1209.15
352.50	621.12	254.58	1214.76
353.00	579.88	250.26	1242.90
353.50	576.33	248.58	1261.02
354.00	588.87	252.32	1268.86
354.50	593.52	253.44	1298.59
355.00	589.04	250.57	1314.02
355.50	583.19	234.77	1349.46
356.00	583.12	236.98	1388.01
356.50	589.88	227.24	1425.94
357.00	585.70	222.33	1456.76
357.50	586.41	218.47	1479.64
358.00	572.86	226.20	1483.77
358.50	575.10	228.74	1494.53
359.00	590.22	235.10	1515.22
359.50	646.14	251.44	1482.78
360.00	699.76	264.04	1463.46
360.50	721.04	273.42	1463.44
361.00	704.84	286.07	1458.31
361.50	654.83	285.14	1424.44
362.00	637.95	316.12	1383.48
362.50	627.41	338.08	1361.73
363.00	803.60	342.48	1324.40
363.50	905.53	362.47	1329.51
364.00	851.18	375.87	1312.12
364.50	830.05	378.54	1323.76
365.00	832.07	396.89	1293.45
365.50	813.17	411.66	1299.56
366.00	776.76	422.46	1306.81
366.50	773.96	423.43	1306.10
367.00	800.26	418.36	1323.77
367.50	809.37	415.78	1333.55
368.00	797.64	411.50	1348.82
368.50	808.39	416.25	1380.17
369.00	809.75	421.73	1404.46
369.50	795.75	410.38	1433.11
370.00	810.78	392.63	1459.02
370.50	819.49	387.28	1488.63
371.00	840.04	368.52	1522.36
371.50	872.29	366.51	1553.85
372.00	935.36	374.49	1583.85
372.50	969.96	374.49	1618.32
373.00	956.91	379.81	1655.80
373.50	948.43	367.83	1698.51
374.00	983.06	355.61	1706.73
374.50	1021.99	349.72	1723.06
375.00	1052.02	350.83	1726.62
375.50	1150.59	352.08	1757.20
376.00	1253.40	341.71	1796.04
376.50	1312.13	331.74	1823.57
377.00	1335.43	347.06	1859.71
377.50	1355.12	361.29	1893.38
378.00	1363.35	365.82	1922.46
378.50	1306.52	404.54	1938.82
379.00	1271.95	416.91	1974.50
379.50	1265.19	438.00	2009.22
380.00	1269.38	458.45	2038.47
380.50	1223.35	458.49	2040.50
381.00	1104.42	460.10	2050.99
381.50	1062.01	500.53	2065.44
382.00	1053.50	505.41	2084.85
382.50	1108.37	515.67	2086.32
383.00	1136.65	514.80	2071.81
383.50	1190.14	522.61	2080.32
384.00	1220.28	507.51	2066.90
384.50	1371.16	506.89	2028.46
385.00	1407.40	482.79	1980.85
385.50	1332.10	493.10	1960.16
386.00	1264.56	488.68	1925.04
386.50	1222.17	484.93	1899.48
387.00	1176.16	468.76	1891.14
387.50	1139.51	467.81	1886.61
388.00	1064.60	483.55	1846.25
388.50	979.58	493.61	1802.47
389.00	1017.44	499.78	1776.63
389.50	1082.25	528.37	1791.77
390.00	1128.63	524.12	1785.69
390.50	1093.36	524.35	1811.93
391.00	1000.00	531.79	1863.93
391.50	972.17	542.26	1870.65
392.00	985.51	576.27	1912.30
392.50	1010.92	608.08	1975.85
393.00	1046.21	627.56	2033.79
393.50	1077.35	644.31	2090.51
394.00	1113.50	669.71	2148.92
394.50	1191.59	720.43	2181.32
395.00	1296.84	754.58	2233.98
395.50	1669.14	777.23	2304.89
396.00	1709.91	794.74	2353.64
396.50	1759.59	831.87	2405.66
397.00	1788.11	870.01	2423.01
397.50	1785.28	898.11	2454.67
398.00	1809.43	926.23	2442.11
398.50	1818.73	930.09	2475.79
399.00	1826.32	948.26	2485.68
399.50	1775.45	975.44	2513.27
400.00	1731.00	973.77	2504.59
400.50	1786.44	1017.58	2507.13
401.00	1828.25	1031.63	2527.59
401.50	1841.36	1028.96	2517.94
402.00	1845.38	1015.75	2507.18
402.50	1848.32	1013.82	2536.05
403.00	1830.65	1024.85	2565.12
403.50	1833.66	1054.64	2590.52
404.00	1848.39	1077.61	2573.14
404.50	1685.23	1129.17	2615.62
405.00	1689.11	1153.56	2597.87
405.50	1726.08	1204.98	2603.16
406.00	1793.02	1251.82	2628.39
406.50	1985.84	1269.97	2652.60
407.00	2017.43	1282.32	2648.73
407.50	2021.18	1333.58	2632.15
408.00	2034.54	1402.74	2606.98
408.50	1957.23	1423.01	2607.24
409.00	2159.74	1435.33	2635.07
409.50	2165.27	1434.32	2658.95
410.00	2102.11	1422.10	2679.17
410.50	2059.99	1405.22	2679.03
411.00	2048.24	1395.62	2683.78
411.50	2039.91	1382.35	2680.14
412.00	2055.68	1347.43	2714.40
412.50	2061.56	1290.05	2741.36
413.00	2011.83	1261.38	2753.48
413.50	1925.58	1233.15	2739.66
414.00	1739.57	1195.58	2729.60
414.50	1649.22	1147.05	2703.66
415.00	1579.21	1093.86	2692.13
415.50	1528.61	1048.65	2680.32
416.00	1547.21	1007.68	2655.23
416.50	1568.45	941.83	2634.47
417.00	1504.45	874.31	2606.64
417.50	1435.26	806.25	2583.53
418.00	1387.93	708.83	2565.37
418.50	1354.84	578.67	2554.53
419.00	1414.00	471.52	2587.45
419.50	1443.91	351.71	2576.42