-568.2333092311401 14.913232104121475
-558.281781419887 17.190889370932755
-548.3820286905368 17.895878524945772
-537.6770841702152 18.058568329718003
-528.5468162788 20.390455531453362
-520.3270756898137 20.065075921908893
-508.01353293520083 19.08893709327549
-499.81521651803655 18.112798264642084
-488.2729439490105 18.70932754880694
-479.1890950965427 19.63123644251627
-469.2697035430225 20.932754880694144
-459.3788775519314 21.36659436008677
-450.35215982432186 20.553145336225597
-438.87415977076137 19.197396963123644
-426.63203092222136 16.052060737527114
-418.4729921533971 13.882863340563992
-409.4641279023058 12.52711496746204
-400.42312739348176 12.147505422993493
-391.36248806048764 12.364425162689805
-379.8416396632835 12.310195227765727
-368.4903992930024 7.104121475054232
-356.2250609249886 4.663774403470718
-346.39850744936314 3.1453362255965303
-338.1966203368951 2.277657266811282
-328.3432866464923 1.5726681127982651
-318.4792408701785 1.1930585683297181
-307.78322308811585 1.0845986984815639
-296.25880399560805 1.138828633405641
-287.2070914008731 1.0845986984815639
-277.3305481909965 1.0845986984815639
-269.0911687778403 1.355748373101953
-260.8464333217286 1.7895878524945772
-246.80824473545619 3.1995661605206074
-237.7136837970774 4.446854663774403
-232.77184149683558 4.5553145336225604
-220.4011676173643 5.3145336225596544
-210.5603313605243 4.229934924078094
-199.030556225061 4.446854663774403
-189.17543718700625 3.7960954446854664
-177.65994483275756 3.5791757049891544
-169.39914124777943 4.501084598698483
-161.1669032252305 4.5553145336225604
-147.21619667389734 3.308026030368765
-134.87051766155173 3.308026030368765
-126.62221151013637 3.850325379609547
-115.94226185694004 3.2537960954446845
-104.41962811208407 3.2537960954446845
-94.56807976933317 2.4945770065075905
-84.70939003597482 1.9522776572668121
-77.30555332387098 1.8438177874186543
-63.32271051480495 1.5726681127982651
-52.62490738509064 1.518438177874188
-46.85287842675166 1.8438177874186543
-33.698436928130945 1.4099783080260302
-24.65208037635125 1.1930585683297181
-16.426983744409654 1.0303687635574832
-9.024932379957704 0.8676789587852518
-0.794479705060553 0.8676789587852518